0 0.6943997740745544 0.708740234375 0.1843727082014084 0.452307790517807
0 0.5715759992599487 0.676084041595459 0.1656135618686676 0.4372479021549225
0 0.4255707859992981 0.6980238556861877 0.14721384644508362 0.5705336332321167
0 0.9528738260269165 0.7158178091049194 0.09379730373620987 0.4653031826019287
0 0.737058699131012 0.5120981931686401 0.11156044155359268 0.4302137792110443
0 0.3324534595012665 0.5811806321144104 0.11937990039587021 0.4541374444961548
0 0.1805228739976883 0.495758056640625 0.13150791823863983 0.5325993895530701
0 0.5326772928237915 0.4329637885093689 0.11196833103895187 0.49363023042678833
0 0.06540758907794952 0.37703704833984375 0.1301708221435547 0.5045520663261414
0 0.4174714982509613 0.3624912202358246 0.12736912071704865 0.37450724840164185
0 0.261038601398468 0.5110844969749451 0.08955955505371094 0.5560882687568665
0 0.06129813194274902 0.6717313528060913 0.12259626388549805 0.6290843486785889
