0 0.8214334845542908 0.6243057250976562 0.14048008620738983 0.6322665810585022
0 0.6813716292381287 0.7597443461418152 0.13574181497097015 0.331796258687973
0 0.9302604794502258 0.6292847394943237 0.11374473571777344 0.6348559856414795
0 0.41909509897232056 0.6984409689903259 0.15687274932861328 0.5721566081047058
0 0.22639583051204681 0.5867173075675964 0.19581866264343262 0.444169282913208
0 0.4983981251716614 0.4030783772468567 0.13037605583667755 0.47307485342025757
0 0.6244844794273376 0.5861683487892151 0.09697017818689346 0.6015708446502686
0 0.2776547074317932 0.26537472009658813 0.0956416130065918 0.5234790444374084
0 0.21648506820201874 0.24264588952064514 0.0957927256822586 0.31760716438293457
0 0.12430021911859512 0.3075184226036072 0.10051669925451279 0.3844173848628998
0 0.44666025042533875 0.13815104961395264 0.09011249989271164 0.2602570950984955
0 0.3448539078235626 0.5289595723152161 0.08883347362279892 0.38397014141082764
0 0.49812784790992737 0.5137415528297424 0.13191185891628265 0.696000337600708
0 0.3699294328689575 0.15001355111598969 0.07377152889966965 0.24981528520584106
0 0.3911597728729248 0.32281097769737244 0.1414322853088379 0.3294547200202942
