0 0.5128132700920105 0.6724844574928284 0.18684378266334534 0.45096758008003235
0 0.927571713924408 0.712846577167511 0.1309850662946701 0.4739718735218048
0 0.20032596588134766 0.44812268018722534 0.1122221127152443 0.6285156607627869
0 0.6135061383247375 0.617911696434021 0.1698230803012848 0.576455295085907
0 0.6779533624649048 0.520907461643219 0.11250267177820206 0.6271497011184692
0 0.494559109210968 0.359109491109848 0.10518131405115128 0.2315606325864792
0 0.317019522190094 0.6450208425521851 0.13564367592334747 0.3809909522533417
0 0.3001565635204315 0.3638450801372528 0.11025948822498322 0.40828603506088257
0 0.4078920781612396 0.5556085705757141 0.10061817616224289 0.5716032385826111
0 0.7909303903579712 0.6157965660095215 0.14160652458667755 0.36431819200515747
0 0.12308976799249649 0.4235984981060028 0.08255091309547424 0.4804724156856537
0 0.046260710805654526 0.6211273074150085 0.09252142161130905 0.7093061804771423
0 0.7945966720581055 0.7683342099189758 0.14665870368480682 0.34526655077934265
0 0.794217050075531 0.6832196116447449 0.14910374581813812 0.5030338168144226
0 0.9343565106391907 0.44712033867836 0.08290519565343857 0.3058866858482361
