0 0.6193735003471375 0.7207044363021851 0.1801227629184723 0.39090898633003235
0 0.5133118629455566 0.6441280841827393 0.12636737525463104 0.47413772344589233
0 0.3533685505390167 0.6577672362327576 0.18478341400623322 0.39300692081451416
0 0.42152172327041626 0.38689523935317993 0.13261298835277557 0.583984375
0 0.19021645188331604 0.43626418709754944 0.1817447692155838 0.369467169046402
0 0.6343137621879578 0.5321681499481201 0.16200600564479828 0.4720802307128906
0 0.9389978647232056 0.832538902759552 0.11941681057214737 0.23878614604473114
0 0.518748939037323 0.40299421548843384 0.10384788364171982 0.326416015625
0 0.18040786683559418 0.5771730542182922 0.14113827049732208 0.38351476192474365
0 0.32981815934181213 0.30615490674972534 0.11261468380689621 0.45377057790756226
0 0.24027195572853088 0.2679614722728729 0.09784913063049316 0.48113659024238586
0 0.8621332049369812 0.6430665850639343 0.1651626080274582 0.5910047888755798
0 0.05549679324030876 0.6960279941558838 0.11099358648061752 0.5629913210868835
0 0.10512281954288483 0.3083314895629883 0.1070549264550209 0.436774879693985
0 0.884904682636261 0.5817090272903442 0.20811763405799866 0.712637186050415
0 0.3831574618816376 0.11698979884386063 0.07480563968420029 0.23060566186904907
0 0.8619767427444458 0.376736581325531 0.09680195152759552 0.3134808838367462
